%YAML:1.0
---
model_type: PINHOLE
camera_name: camera
image_width: 720
image_height: 720
distortion_parameters:
   k1: 6.05585321e-04
   k2: 1.78362515e-03
   p1: -6.06947261e-05
   p2: 4.11475246e-04
   # k1: 0
   # k2: 0
   # p1: 0
   # p2: 0
projection_parameters:
   fx: 959.6900
   fy: 959.6471
   cx: 639.8943
   cy: 359.3206
   # fx: 369.504
   # fy: 369.504
   # cx: 639.8943
   # cy: 359.3206



