%YAML:1.0
---
model_type: PINHOLE
camera_name: camera
image_width: 1280
image_height: 720
distortion_parameters:
   k1: 6.05585321e-04
   k2: 1.78362515e-03
   p1: -6.06947261e-05
   p2: 4.11475246e-04
projection_parameters:
   gamma1: 959.6900
   gamma2: 959.6471
   u0: 639.8943
   v0: 359.3206

